2 960.160
4 1064.565
6 1026.787
8 1002.701
10 1085.121
12 1104.544
2 911.463
4 1036.322
6 1136.355
8 1101.856
10 1089.878
12 1045.068
2 945.163
4 1093.967
6 1058.617
8 1134.726
10 1138.060
12 1056.380
2 966.959
4 1098.101
6 1109.021
8 1028.365
10 1102.485
12 1028.529
2 911.747
4 1025.642
6 1175.114
8 1115.070
10 1097.405
12 1124.212
2 917.885
4 1008.020
6 1053.561
8 1067.510
10 1085.535
12 1130.569
2 914.758
4 1110.366
6 1060.749
8 1109.885
10 1129.467
12 1089.474
2 917.553
4 1064.222
6 1071.026
8 1002.499
10 1094.507
12 1077.195
2 920.331
4 989.534
6 1099.782
8 1102.291
10 1141.153
12 1122.922
2 896.562
4 1057.383
6 1050.046
8 1005.176
10 1128.883
12 1106.927
