2 1574.409
4 1418.904
6 1245.916
8 1204.721
10 1146.669
12 1225.264
2 1595.225
4 1282.911
6 1268.719
8 1179.795
10 1169.596
12 1159.095
2 1524.354
4 1257.376
6 1277.109
8 1222.653
10 1200.786
12 1172.040
2 1580.617
4 1422.910
6 1206.261
8 1125.254
10 1185.406
12 1204.201
2 1218.480
4 1414.708
6 1210.148
8 1169.142
10 1156.917
12 1181.835
2 1588.873
4 1412.446
6 1242.305
8 1183.171
10 1271.996
12 1198.772
2 1583.494
4 1316.999
6 1324.567
8 1227.371
10 1153.640
12 1217.612
2 1544.470
4 1298.608
6 1227.807
8 1181.959
10 1169.931
12 1160.529
2 1554.351
4 1350.482
6 1271.286
8 1224.964
10 1169.203
12 1223.188
2 1550.324
4 1324.803
6 1242.230
8 1194.414
10 1196.253
12 1228.788
