2 557.124
4 577.888
6 541.037
8 540.638
10 568.864
12 561.889
2 545.833
4 552.707
6 544.165
8 564.473
10 542.323
12 565.450
2 539.278
4 538.287
6 535.988
8 535.577
10 546.315
12 540.793
2 533.172
4 538.204
6 539.195
8 532.585
10 543.416
12 543.912
2 554.382
4 553.466
6 558.653
8 540.532
10 554.569
12 540.982
2 554.011
4 570.787
6 541.175
8 561.408
10 540.458
12 542.484
2 540.783
4 548.371
6 539.371
8 549.089
10 542.805
12 545.200
2 537.144
4 557.978
6 569.689
8 543.340
10 534.999
12 547.966
2 548.976
4 557.420
6 537.659
8 573.828
10 537.307
12 542.313
2 539.962
4 542.909
6 541.895
8 537.598
10 572.318
12 588.078
