2 3319.582
4 3259.814
6 3278.934
8 3340.905
10 3254.360
12 3283.646
2 3302.536
4 3290.506
6 3275.694
8 3292.629
10 3276.602
12 3275.508
2 3264.480
4 3277.982
6 3315.223
8 3293.388
10 3264.203
12 3287.002
2 3280.535
4 3269.125
6 3310.385
8 3317.430
10 3283.506
12 3283.245
2 3292.733
4 3268.901
6 3292.912
8 3275.073
10 3278.657
12 3276.441
2 3256.469
4 3292.613
6 3258.711
8 3283.710
10 3276.705
12 3255.380
2 3284.947
4 3285.621
6 3287.703
8 3259.086
10 3298.261
12 3287.277
2 3292.306
4 3253.945
6 3261.337
8 3264.575
10 3251.803
12 3261.047
2 3260.563
4 3296.754
6 3288.537
8 3265.967
10 3269.228
12 3280.201
2 3260.081
4 3247.712
6 3316.166
8 3243.588
10 3288.814
12 3284.508
