2 1477.349
4 732.904
6 522.045
8 434.241
10 387.440
12 353.196
2 1469.021
4 725.458
6 527.464
8 438.431
10 386.429
12 355.649
2 1451.617
4 732.568
6 535.830
8 498.195
10 399.135
12 352.291
2 1470.657
4 722.917
6 525.505
8 446.293
10 378.445
12 372.079
2 1455.933
4 736.306
6 515.905
8 460.051
10 391.108
12 356.596
2 1466.330
4 739.659
6 535.966
8 422.201
10 412.426
12 358.276
2 1455.651
4 727.611
6 580.511
8 453.153
10 402.777
12 355.860
2 1467.566
4 728.640
6 533.503
8 469.465
10 391.576
12 359.669
2 1456.043
4 748.382
6 531.617
8 447.667
10 402.049
12 375.842
2 1449.286
4 747.326
6 525.313
8 427.281
10 408.393
12 356.866
