2 1766.811
4 1769.273
6 1778.787
8 1770.916
10 1786.994
12 1786.319
2 1790.605
4 1803.946
6 1768.756
8 1784.884
10 1766.654
12 1791.331
2 1785.834
4 1775.877
6 1776.328
8 1768.393
10 2328.886
12 1776.912
2 1773.751
4 1776.976
6 1805.238
8 1775.890
10 1801.610
12 1785.503
2 1768.711
4 1781.919
6 1780.793
8 1771.523
10 1774.217
12 1769.245
2 1773.477
4 1774.365
6 1781.333
8 1812.839
10 1787.889
12 1771.968
2 1785.537
4 1780.998
6 1782.165
8 1784.582
10 1776.032
12 1775.882
2 1792.174
4 1801.541
6 1808.954
8 1775.195
10 1779.991
12 1780.366
2 1766.053
4 1771.413
6 1766.183
8 1777.263
10 1781.640
12 1766.053
2 1763.795
4 1784.940
6 1769.790
8 1780.899
10 1951.282
12 1827.351
