2 1194.790
4 758.225
6 746.681
8 748.959
10 752.915
12 785.738
2 1176.466
4 731.254
6 755.694
8 751.358
10 755.361
12 756.107
2 1168.944
4 728.183
6 745.169
8 749.529
10 753.494
12 760.370
2 1199.646
4 738.821
6 766.307
8 749.951
10 751.955
12 755.866
2 1207.509
4 736.401
6 743.978
8 751.637
10 748.072
12 772.359
2 1168.954
4 758.598
6 746.824
8 756.355
10 769.036
12 781.973
2 1191.724
4 730.662
6 769.675
8 768.771
10 773.907
12 760.396
2 1191.743
4 751.622
6 745.554
8 757.884
10 756.920
12 765.501
2 1163.051
4 733.642
6 751.578
8 779.424
10 793.396
12 749.703
2 1127.497
4 732.209
6 769.147
8 774.814
10 790.840
12 809.294
