2 2368.673
4 1295.130
6 873.133
8 742.855
2 2371.626
4 1253.235
6 927.441
8 747.937
2 2424.270
4 1273.667
6 880.868
8 690.183
2 2367.185
4 1270.421
6 865.594
8 656.758
2 2433.834
4 1281.462
6 911.799
8 662.746
2 2393.793
4 1219.040
6 805.861
8 649.514
2 2279.229
4 1281.815
6 877.876
8 746.440
2 2165.074
4 1217.185
6 809.759
8 640.527
2 2374.840
4 1286.181
6 882.789
8 687.712
2 2391.044
4 1303.385
6 864.109
8 659.973
2 2383.976
4 1249.598
6 810.670
8 599.935
2 2255.795
4 1302.303
6 908.799
8 682.661
