2 5348.505
4 5009.372
6 5482.095
8 5273.084
10 5276.154
12 5118.735
2 5301.366
4 4981.993
6 4899.901
8 4790.194
10 5076.430
12 4843.409
2 5068.350
4 5249.691
6 5227.874
8 5402.799
10 4960.725
12 4970.069
2 5343.641
4 4850.017
6 5277.253
8 5382.278
10 5170.779
12 5185.825
2 5216.106
4 5237.290
6 5176.991
8 5018.872
10 4937.770
12 5080.387
2 5270.162
4 5211.802
6 5499.564
8 4979.373
10 5098.414
12 5232.099
2 5283.218
4 5217.356
6 5282.707
8 4858.627
10 4980.804
12 4685.796
2 5136.283
4 5115.117
6 5349.332
8 5131.210
10 4907.142
12 5271.989
2 5141.170
4 4660.312
6 5185.189
8 4892.969
10 4928.436
12 5042.168
2 5193.622
4 5002.114
6 5280.397
8 5211.167
10 4983.983
12 4781.397
