2 2351.506
4 2335.027
6 2346.172
8 2315.492
10 2331.093
12 2356.913
2 2335.306
4 2399.134
6 2258.205
8 2276.059
10 2368.613
12 2333.499
2 2379.442
4 2259.608
6 2311.272
8 2350.694
10 2308.389
12 2296.732
2 2341.465
4 2290.672
6 2324.518
8 2289.251
10 2333.368
12 2322.631
2 2312.384
4 2312.393
6 2335.769
8 2292.550
10 2286.780
12 2276.952
2 2277.934
4 2302.926
6 2321.167
8 2318.003
10 2319.606
12 2272.491
2 2328.726
4 2351.855
6 2321.897
8 2350.893
10 2336.511
12 2274.064
2 2265.509
4 2233.134
6 2279.735
8 2271.697
10 2268.304
12 2231.501
2 2301.795
4 2372.792
6 2311.759
8 2361.030
10 2336.105
12 2316.624
2 2365.887
4 2346.918
6 2347.867
8 2354.760
10 2336.550
12 2365.150
