2 4172.450
4 4272.719
6 4094.290
8 3989.752
10 4289.575
12 4361.309
2 4135.867
4 4238.120
6 4237.880
8 4149.138
10 4254.658
12 4242.100
2 4172.598
4 4309.071
6 3716.318
8 4075.572
10 4177.324
12 4331.476
2 4042.058
4 3950.986
6 4084.544
8 4413.451
10 3990.214
12 4125.058
2 4092.776
4 4139.301
6 4070.680
8 3923.019
10 4296.750
12 4212.856
2 4142.517
4 4234.492
6 3602.269
8 4197.496
10 4228.305
12 4176.896
2 4343.675
4 3887.668
6 4189.211
8 4098.895
10 4157.606
12 4355.969
2 4170.533
4 4343.246
6 4245.777
8 4153.888
10 4184.818
12 4298.714
2 4240.334
4 4169.425
6 4232.302
8 4245.969
10 4298.689
12 4336.753
2 4278.906
4 4042.847
6 4169.795
8 4157.528
10 4250.271
12 4247.787
